0.350036 
0.602432 
0.239320 
0.518879 
0.413815 
1.220629 
-2.469334 
0.638124 
1.101044 
0.975680 
-1.995803 
0.033577 
1.905729 
1.635026 
-0.869603 
-0.264761 
-1.052076 
0.031460 
-0.717101 
1.207414 
-1.775804 
0.147974 
0.142111 
1.665764 
-1.399180 
0.858726 
0.358297 
1.198784 
-2.047868 
-0.591470 
0.117239 
0.017979 
-1.444332 
-3.121779 
0.470962 
0.773501 
0.218466 
-1.114881 
-0.771880 
-0.161861 
0.615810 
-0.445515 
-0.593971 
0.618932 
-0.258125 
0.836664 
-1.779263 
-0.428341 
0.562709 
0.077427 
-0.222403 
-0.659988 
1.160744 
1.307323 
1.297072 
0.473169 
-0.117664 
0.712656 
1.546854 
1.415591 
0.074423 
-0.461147 
-0.763377 
-0.308389 
0.789054 
-1.279668 
0.990579 
0.273039 
0.200097 
0.856397 
1.622297 
1.481510 
0.975908 
-0.409198 
1.687466 
-0.856357 
-0.538747 
1.762093 
2.128905 
-1.257253 
-0.169560 
-0.614121 
0.266928 
-0.813517 
-0.194061 
0.883181 
0.792603 
2.430032 
0.508190 
0.927891 
0.500885 
-1.026150 
0.263424 
-1.132149 
0.419112 
0.280379 
0.058533 
1.301138 
0.413326 
-1.294751 
1.497158 
-0.227036 
-0.271060 
-0.498272 
-0.643345 
-0.782725 
0.437266 
0.458337 
-0.171520 
0.999132 
-0.716705 
0.553076 
1.438002 
-0.213772 
-0.225684 
-0.149156 
0.360672 
0.116258 
-0.400565 
0.622390 
-2.073423 
-1.271702 
-0.413119 
-1.109285 
0.450964 
1.174470 
0.235191 
-0.028574 
1.073040 
-0.181855 
1.530556 
-0.846870 
-0.541105 
-0.305278 
-1.496730 
-0.450083 
0.059801 
-0.529658 
-0.139232 
0.983530 
-1.366132 
-0.079400 
0.247226 
0.100131 
-0.757002 
1.076601 
0.829241 
-0.604543 
-0.458503 
0.806944 
0.425639 
1.366869 
0.564097 
1.171988 
-0.798994 
-0.555422 
-0.524284 
0.410634 
0.177142 
0.114739 
0.875188 
0.957791 
0.421024 
0.078890 
0.981195 
0.854350 
1.531103 
0.384105 
-0.241478 
-0.322437 
0.937930 
-0.630928 
-0.756533 
1.070301 
0.989421 
-0.007185 
-0.424495 
1.335179 
1.418733 
-0.533539 
-2.069163 
-0.345267 
-0.665238 
-0.611167 
-0.450961 
0.396837 
-0.148806 
-0.795579 
-0.075306 
0.181029 
0.852003 
-0.974960 
0.878481 
-0.172989 
-0.428168 
1.552709 
-0.666527 
1.026084 
-0.610987 
-1.109485 
0.520316 
1.379718 
-1.359889 
0.806424 
-1.301927 
1.899443 
-0.932766 
0.629437 
0.312116 
-0.299474 
-0.455775 
-1.237453 
-1.031589 
1.134262 
0.569410 
-0.294847 
2.290122 
-0.603191 
-0.995075 
0.770150 
-0.604185 
0.081411 
-1.894065 
-1.462508 
-0.461301 
0.082549 
1.142254 
-1.025370 
1.003801 
-0.349449 
1.535064 
1.645307 
-0.283175 
-0.833426 
1.456559 
1.259522 
-0.316837 
-1.750221 
-0.243815 
-1.424823 
0.226339 
-0.398544 
0.825603 
-0.376173 
-1.203263 
-0.261606 
1.095645 
-0.927546 
0.726223 
0.830359 
-0.109656 
-0.433610 
0.353228 
-0.246413 
1.469287 
-0.641343 
-1.289066 
-0.313096 
-0.599657 
0.288680 
0.433023 
-0.668238 
0.613034 
-0.372349 
1.346364 
1.163809 
0.451738 
-0.197259 
-1.194287 
-1.363825 
-1.280050 
-0.705518 
-1.670738 
0.546872 
-0.029282 
-1.603390 
-0.972264 
-2.741186 
1.091105 
-0.219626 
-0.246976 
0.514849 
0.217252 
-0.933371 
1.035739 
2.370760 
0.661793 
-1.218973 
-0.297022 
1.245357 
-2.450558 
-0.508736 
-0.026556 
-1.932850 
0.852967 
0.296566 
0.538495 
-0.297179 
0.326422 
-1.239444 
-0.760580 
-0.658261 
1.803025 
-1.382747 
-1.349687 
-0.790934 
0.091255 
0.079787 
0.406454 
-1.314571 
-1.404932 
-1.164837 
1.877135 
0.644785 
-1.153060 
-0.596526 
-0.690664 
1.245932 
0.144621 
0.428530 
-0.390060 
0.427545 
0.418910 
-0.232017 
1.735889 
-0.698548 
-0.850897 
-0.797489 
0.419309 
0.550317 
-1.779827 
1.102572 
-0.288187 
-0.610361 
0.910584 
-1.628272 
-0.434614 
-1.451055 
0.903768 
-0.941799 
-0.448357 
0.004328 
-0.393632 
-0.253633 
-1.043441 
-0.081159 
0.125895 
0.850959 
-0.845776 
1.159326 
-1.585536 
1.054039 
-0.671658 
-0.061888 
-1.005141 
0.004995 
0.636294 
0.650360 
0.356061 
0.319304 
0.759119 
-0.250948 
-0.194483 
0.047757 
0.251464 
0.957997 
-1.378551 
1.896719 
-0.134671 
-0.645223 
-0.280815 
-1.041810 
1.668946 
1.183066 
1.007135 
1.322363 
0.309821 
1.100865 
1.017151 
-1.869985 
-0.176492 
0.445798 
-0.237857 
-0.751537 
-1.661950 
-0.020364 
-0.266697 
0.653831 
-1.006641 
0.944880 
0.633017 
-0.231480 
1.033470 
0.640697 
-1.497312 
1.549457 
0.825733 
-1.650140 
-0.890925 
-1.000849 
1.703750 
1.232884 
-0.838847 
-0.181255 
-1.464063 
-1.741738 
0.082369 
-0.009804 
0.361067 
0.967506 
0.962499 
2.210169 
-0.076373 
-1.297822 
-0.779351 
1.193905 
-0.972966 
-0.071048 
0.665562 
0.698284 
-0.714385 
0.955544 
0.240884 
-0.215942 
-1.586068 
-1.259663 
-1.632005 
1.196380 
0.451832 
-1.092769 
-0.533249 
1.485904 
-0.095282 
-0.526357 
0.462171 
1.271910 
1.257445 
1.185480 
1.658256 
-0.917337 
-1.454434 
-0.648298 
1.356214 
-0.058327 
1.006424 
-1.437438 
-0.500802 
1.165467 
-0.406589 
-0.068515 
0.636554 
1.322876 
-0.454527 
0.762487 
1.229337 
-0.923901 
1.053233 
-1.591567 
1.077223 
-0.785158 
-1.829564 
0.733133 
0.307179 
-0.435058 
-0.647313 
0.047368 
-0.058824 
1.940650 
0.607207 
2.141108 
-0.631779 
0.379719 
0.399495 
0.267727 
0.278662 
-0.255738 
0.928545 
0.680519 
-0.144717 
-0.209699 
0.962444 
-0.256813 
2.245541 
-0.341967 
-0.518394 
-0.636469 
0.049702 
-0.506739 
-2.394737 
-0.401739 
-0.586989 
-1.168287 
1.553703 
0.950300 
-0.534042 
0.535623 
-0.793769 
-0.461315 
-0.568186 
-3.230997 
-1.196340 
1.822060 
0.490029 
1.207797 
-1.037938 
-0.278523 
0.390923 
1.917856 
-0.691271 
2.019693 
1.823653 
-0.145042 
0.872603 
-0.089602 
-0.672553 
0.345029 
1.678309 
0.400326 
0.040637 
-2.395886 
-0.199576 
-0.067747 
-0.299965 
0.679419 
2.664808 
0.270796 
0.256790 
-1.066535 
0.425685 
-0.590138 
-1.072750 
0.354744 
-0.571071 
-0.390959 
1.040151 
-0.077084 
0.384423 
-1.825585 
1.125385 
-1.305483 
-0.385227 
-0.441629 
1.790374 
1.858036 
-0.063940 
-0.772722 
0.281123 
-0.581257 
0.208514 
1.204058 
0.539082 
0.765689 
-0.304334 
1.080335 
0.023804 
-1.353986 
1.997619 
-0.787559 
-0.055452 
1.019748 
0.019930 
0.447955 
-0.566676 
0.463589 
0.381869 
1.820470 
-1.072131 
-0.105516 
-0.472617 
1.086582 
2.215490 
0.420767 
0.008376 
0.786150 
2.426741 
0.724965 
1.252427 
-1.719435 
0.456443 
-0.136220 
-1.757684 
-0.603770 
0.685793 
-1.870466 
-0.311252 
0.580677 
0.857408 
-1.258560 
0.438990 
0.653222 
0.161694 
0.446745 
1.181326 
0.478385 
1.028764 
-0.341268 
0.074671 
-0.413002 
0.900116 
-1.237386 
-0.624689 
-0.580566 
0.337302 
-1.795636 
-2.342844 
1.157282 
0.679195 
0.621996 
0.789948 
-1.275096 
0.836852 
-0.521467 
-0.039941 
-0.392816 
0.597134 
-1.186621 
1.173033 
1.931945 
0.745988 
-0.418432 
-0.411182 
-1.588672 
0.692710 
1.128217 
0.209586 
0.847134 
0.147559 
0.967664 
-0.490665 
-0.373148 
-0.791545 
1.185681 
-0.824881 
0.263143 
-0.797191 
-0.713100 
-1.860827 
0.422257 
0.266703 
-0.680823 
0.110200 
0.929965 
0.723509 
0.245934 
-0.413349 
0.469490 
0.059888 
-0.131609 
0.815748 
-0.282061 
0.659609 
-0.839965 
-0.936153 
-1.483381 
1.043715 
-2.361433 
-0.914722 
-1.128083 
-0.419375 
-0.967521 
-0.842459 
-0.504257 
-0.808633 
-1.038729 
1.095181 
0.267244 
-0.145951 
1.742565 
-0.943570 
0.441643 
-0.981469 
-0.397880 
0.155402 
1.605567 
-0.021194 
-0.394553 
0.846384 
0.162818 
-0.348853 
0.765560 
1.688413 
0.276064 
0.757249 
0.232825 
-0.957973 
1.541404 
0.858142 
-0.445679 
2.107455 
-0.637009 
0.815931 
0.180340 
1.647784 
0.504419 
0.580784 
-2.113500 
1.679868 
-1.134341 
-1.657008 
0.968316 
-0.223016 
0.063250 
0.429562 
-0.471065 
0.697645 
-0.160561 
0.187571 
0.311631 
0.274128 
0.673963 
-0.100886 
-0.816789 
0.275484 
-0.187678 
-0.468402 
-0.705822 
-0.629869 
0.762024 
0.856559 
1.302343 
-1.042821 
1.456030 
-1.426553 
0.608742 
-0.748120 
1.333119 
0.707156 
1.064819 
-1.468118 
1.037326 
0.498307 
-0.456594 
-0.983857 
-0.410626 
0.994336 
-0.672744 
1.087147 
-0.436195 
1.201322 
0.219005 
0.132828 
1.413077 
0.404229 
-1.277995 
-0.461106 
0.191080 
-0.281287 
0.263384 
-0.706288 
-0.020652 
-0.816164 
0.461407 
-1.312735 
0.213200 
-1.003194 
0.200340 
0.166740 
1.713228 
1.773334 
-0.379150 
-0.478639 
-0.961062 
-0.744658 
-0.688333 
-2.383452 
-0.319176 
-0.122051 
-0.293797 
-1.854555 
-0.669723 
2.517986 
0.370138 
-0.528515 
-0.094094 
-0.112771 
-0.192675 
0.741524 
1.013829 
0.943833 
-0.826870 
0.985007 
-1.223045 
0.945480 
-0.198826 
1.106416 
-1.305024 
2.189175 
-0.998610 
-0.329037 
-0.784605 
-0.864340 
0.738705 
-0.998159 
1.871521 
-0.401598 
0.127274 
1.025581 
0.232622 
-0.428535 
0.172942 
0.542014 
0.440785 
-0.137872 
-1.405684 
1.558400 
1.703863 
-1.950748 
-1.084343 
-0.136992 
-0.200731 
-0.997826 
0.242650 
-0.075654 
0.789981 
0.735708 
0.464187 
2.838983 
0.249103 
0.545231 
-0.022238 
-0.046133 
0.475295 
1.742959 
-0.189048 
-1.552014 
0.047337 
2.003422 
0.086147 
-0.690741 
0.682573 
-0.805244 
-1.533960 
0.239402 
0.858643 
1.439275 
-0.240287 
-0.371559 
1.075518 
0.181150 
1.781973 
0.232154 
0.245202 
-1.787866 
0.225702 
-0.043060 
-0.479897 
0.512375 
2.219498 
-1.380607 
-0.233012 
1.077744 
0.551628 
-0.779342 
-1.907455 
-0.383363 
-1.261902 
-0.300955 
-0.883478 
0.379744 
0.682440 
-0.944480 
0.549672 
-0.991318 
0.351130 
0.363485 
-0.943056 
-1.206678 
0.555554 
0.313990 
1.145580 
-0.265018 
-0.961513 
-1.783349 
1.248574 
-0.140182 
-0.362829 
2.065663 
-1.145444 
-0.728030 
-1.135611 
1.337712 
-0.561634 
-0.910076 
0.592656 
-0.775431 
-0.628144 
1.293193 
-2.495820 
-0.313252 
0.441899 
2.400652 
0.413412 
-1.289217 
-0.679752 
0.751739 
1.885610 
1.698272 
-0.085551 
1.369616 
-0.552559 
-0.029249 
2.096003 
1.408630 
1.157416 
0.663920 
-1.564579 
0.454676 
1.143518 
0.646662 
0.588691 
-0.842645 
-0.571245 
0.921575 
2.325238 
-0.314138 
-0.745650 
-0.326752 
0.464192 
0.177820 
1.625486 
-1.307121 
1.037937 
1.325108 
0.174855 
-1.598522 
-0.184646 
0.053956 
0.233144 
0.308494 
0.676496 
-0.744888 
0.127115 
-0.113627 
-0.348675 
-0.961811 
-0.338570 
-0.211226 
-0.134241 
-1.436346 
-2.071447 
1.806033 
-0.178623 
-0.523614 
-1.921932 
0.953527 
0.577247 
-0.212841 
0.427058 
-0.841607 
-0.109102 
-0.020853 
0.156062 
-2.333976 
-1.600070 
0.425803 
0.135051 
1.144026 
-0.727409 
-0.277511 
1.987160 
-0.390758 
0.232849 
0.284238 
-1.654765 
1.337378 
-0.280307 
0.630561 
0.131573 
-0.659953 
-1.921341 
0.968296 
0.515632 
-0.040356 
-1.163538 
-0.156549 
-0.926194 
-1.512512 
-0.044750 
-1.272060 
0.202533 
0.523572 
1.083117 
-0.733380 
0.265687 
0.693269 
-0.341168 
-1.536188 
1.571539 
-0.463278 
-0.616689 
0.474281 
-1.555536 
-0.643494 
0.533487 
-0.450546 
-0.460951 
0.919357 
0.057539 
-1.042222 
-0.207392 
0.904146 
0.092821 
0.064119 
0.438278 
-1.302878 
-0.238909 
0.849852 
-0.933633 
0.815616 
-0.652193 
-0.293166 
-1.156465 
0.690600 
0.948151 
1.332325 
1.704936 
0.818223 
-0.662160 
-0.591188 
1.023219 
-1.010457 
0.385278 
1.497393 
1.422248 
-1.907158 
0.813275 
-0.043839 
-1.012106 
0.559198 
1.549072 
-0.626487 
1.847499 
0.612022 
1.012734 
1.111526 
-0.427237 
-1.583094 
-1.183843 
-0.934172 
-1.184924 
1.775805 
0.851329 
-0.327869 
-0.422076 
0.221678 
-0.855475 
-0.480071 
-1.434093 
-2.004908 
-1.038870 
-0.579314 
-0.106488 
-0.355131 
-0.976240 
0.081080 
-0.399474 
-0.448863 
-1.040754 
2.347281 
-0.616625 
0.478660 
0.297803 
1.128496 
-0.770094 
0.193760 
1.647963 
-0.304406 
-0.477755 
0.205962 
0.344561 
-0.164401 
-0.419778 
0.784493 
1.651311 
1.614738 
0.706770 
-2.231607 
-1.611622 
0.974421 
-0.015373 
1.581345 
0.133261 
0.201599 
-0.499356 
1.303462 
-0.409971 
0.832146 
-0.086059 
0.832026 
-0.723992 
-1.405908 
0.136019 
0.405065 
-0.843075 
-0.185104 
0.407743 
0.416221 
0.338996 
1.155011 
0.208829 
1.606005 
-1.070067 
0.324111 
0.248025 
1.452565 
-0.496906 
-1.152625 
-0.708527 
-0.367495 
-0.148787 
-0.111374 
-0.399059 
-0.388303 
0.068604 
0.426950 
-3.103455 
2.077325 
1.884660 
-1.949926 
-1.208842 
1.002130 
0.689686 
-0.701258 
0.430761 
-0.538625 
-1.753350 
-2.457789 
1.118981 
0.326155 
-1.575903 
1.162703 
-0.268759 
1.689927 
-0.886542 
-1.017327 
0.396263 
-1.085457 
1.663485 
-0.248639 
-0.659482 
1.972638 
2.377156 
-0.602920 
-0.243387 
1.248592 
-0.190309 
-1.205816 
-1.717415 
-0.638284 
-0.024368 
-0.352360 
-1.294433 
-0.214944 
-0.204790 
0.209341 
-1.423299 
0.628371 
-1.180277 
-0.864945 
0.361063 
-0.486551 
-0.706534 
-0.374096 
0.188927 
-0.574410 
1.588692 
-0.638056 
1.056853 
1.352947 
-0.157153 
1.815539 
-0.510502 
-1.821540 
-0.199742 
0.063085 
-0.664669 
-0.423937 
0.047791 
2.824500 
0.501890 
0.763791 
0.971517 
-0.465455 
0.283222 
-0.321711 
0.026619 
0.867228 
1.142627 
0.920061 
-1.048945 
0.455586 
0.426301 
0.340032 
-0.381691 
-0.041154 
-0.936410 
-0.081764 
-1.267848 
0.694299 
0.715659 
-0.420028 
-0.822298 
-0.004381 
1.348320 
0.673660 
-0.452702 
-0.787285 
-1.263780 
-1.552329 
0.032591 
-1.724122 
1.475855 
-1.409819 
-0.430293 
-0.258882 
-0.793756 
-0.225768 
-1.983657 
-2.209209 
-0.168581 
1.427235 
-2.080912 
-1.524116 
-0.351279 
0.463080 
1.625675 
-1.102920 
0.183968 
-2.079644 
0.596804 
0.433099 
-0.495785 
-1.135085 
-1.785501 
-1.211918 
-1.269069 
-0.419817 
0.664587 
-0.137951 
-0.590129 
-0.526636 
0.608318 
-1.514632 
-0.122357 
-2.316140 
1.072489 
-0.829764 
0.914765 
-0.798544 
0.354356 
1.381860 
1.010114 
-1.203658 
2.203320 
-1.880578 
-0.087195 
-2.079077 
-0.137271 
1.253967 
0.846491 
0.201747 
0.329525 
-1.390850 
-2.849843 
-0.831497 
-0.857676 
-0.166742 
0.974183 
-0.840052 
0.307889 
0.054037 
1.095853 
-1.103251 
-0.050975 
1.785030 
-1.459259 
-0.114991 
1.110347 
-0.691725 
0.745999 
-0.577322 
-0.109019 
0.918590 
0.077701 
-0.566358 
-3.230651 
-1.232422 
-0.350352 
0.375500 
0.284841 
-0.179309 
-1.004463 
0.989832 
-0.322115 
-0.159218 
-1.784700 
-0.961904 
1.191295 
0.769049 
1.382996 
-0.783670 
1.304082 
0.488856 
-0.063670 
-0.342824 
-0.388429 
-0.135272 
-1.695536 
1.266355 
-0.396742 
1.883066 
-0.372800 
-0.361478 
0.467589 
0.296318 
-0.670612 
-1.010751 
-0.821531 
-1.086538 
-0.041033 
2.317506 
0.432500 
0.994297 
-0.903718 
-2.089276 
0.655770 
-0.634618 
0.430748 
0.089308 
0.745689 
0.064923 
-0.983411 
0.175014 
1.930976 
-0.133825 
-0.475842 
-0.101835 
-0.663350 
-0.227833 
-1.607581 
-0.779239 
0.844275 
-0.757223 
-1.582648 
0.255196 
-0.276479 
-0.364974 
0.503216 
0.348680 
-1.805520 
-1.801093 
-1.628378 
0.710155 
1.181744 
-0.038699 
0.897797 
0.288981 
-2.748717 
0.604165 
0.659538 
1.465817 
-0.094823 
0.538753 
-0.451303 
2.290617 
-0.093808 
-1.124703 
0.025794 
0.326578 
-0.726614 
2.509007 
-0.234580 
-1.561509 
1.719016 
0.778666 
0.406883 
0.132075 
-0.442178 
-1.280974 
-1.253807 
-1.057833 
0.920397 
-0.337029 
-0.519036 
-0.842378 
0.075504 
-0.862297 
0.280247 
1.939964 
0.299486 
-0.039843 
0.487250 
-0.291779 
0.195541 
0.923261 
0.179673 
-0.116798 
0.242761 
0.868434 
0.379998 
-0.736450 
-2.672458 
0.135119 
1.217152 
0.153897 
0.377104 
0.190404 
-0.222606 
-1.264463 
-0.233442 
-1.522717 
-0.966517 
0.001138 
-0.535085 
-0.421207 
1.669633 
0.189309 
-0.105843 
0.228886 
0.407625 
0.091376 
-1.549384 
1.062231 
1.576203 
0.544146 
0.239015 
0.615965 
-1.243315 
0.368289 
-0.208294 
1.140000 
0.002699 
0.209280 
-0.130861 
0.027194 
0.634527 
-0.739064 
0.569589 
0.008945 
1.461104 
0.246288 
-0.368561 
-0.054022 
-1.658409 
0.836609 
2.383315 
0.152303 
0.833117 
0.023687 
1.056148 
2.042630 
-0.199887 
-0.483589 
-0.208677 
2.096468 
1.309417 
-0.182950 
0.732221 
-0.485037 
1.137209 
-0.391508 
-1.915540 
-1.724365 
0.533531 
0.383703 
-0.176332 
1.480214 
1.217960 
-0.236319 
-1.658794 
-0.760554 
0.214750 
0.099366 
-1.713514 
-0.375691 
-0.571841 
0.635946 
0.116482 
-1.562319 
0.327870 
0.621848 
0.724840 
1.494557 
-0.411548 
1.204710 
-0.748424 
-0.311604 
-0.042262 
0.574977 
-0.638359 
1.294413 
2.339014 
0.283450 
0.118819 
0.033484 
1.916783 
0.227143 
0.344164 
0.012260 
-0.177935 
0.394711 
-0.191186 
0.800256 
-1.183583 
-0.240969 
-0.179914 
0.533137 
-0.751221 
2.019721 
-0.384613 
0.515339 
0.017896 
-0.250335 
0.143212 
-2.001387 
2.035423 
1.222209 
1.137003 
0.229542 
0.611969 
-1.111880 
0.020510 
-0.753170 
-0.294049 
0.429639 
-1.754976 
-0.511213 
-0.280348 
0.709374 
0.662492 
-0.934600 
0.701036 
-0.273496 
-0.262597 
-1.076559 
-0.673647 
-0.657011 
-0.333281 
0.274683 
-1.738533 
0.908417 
-0.818659 
0.559826 
0.129015 
-0.016067 
-0.867058 
0.942223 
1.580572 
0.106213 
-0.383227 
0.992600 
-0.170678 
1.000682 
-0.210742 
0.269238 
-0.626865 
-0.399546 
-0.225440 
1.484847 
1.072714 
-0.361931 
0.638321 
-1.030892 
-0.983613 
-0.100864 
-0.200858 
0.831190 
0.517957 
-0.529370 
-1.227951 
1.265425 
0.056100 
0.405394 
-0.724303 
0.370689 
-0.064880 
0.647902 
-0.006374 
1.010194 
-0.152231 
0.483907 
-0.822076 
-0.606402 
-0.487571 
2.232432 
-1.657535 
1.129201 
-0.856647 
0.028404 
1.251598 
0.243024 
0.869633 
-0.854161 
0.649569 
-0.011571 
-1.083732 
0.625252 
0.397655 
-0.827185 
0.198970 
0.762250 
-1.155164 
2.340751 
1.936697 
-0.732289 
-0.536556 
-2.155967 
0.175664 
0.095401 
-0.235881 
-1.746760 
-0.951624 
0.914345 
-0.884402 
1.051240 
1.993759 
-0.474984 
0.426913 
0.591710 
-0.598154 
-0.678089 
0.055100 
-1.793058 
0.068812 
1.153040 
-0.437193 
0.478617 
0.288442 
0.051751 
-0.022520 
-1.919548 
1.510062 
0.491689 
0.324461 
-0.586758 
0.686895 
-1.181230 
-2.124529 
1.620841 
-0.619334 
-2.055064 
-1.391850 
0.061152 
1.238919 
0.517748 
-1.094768 
-1.510623 
0.376377 
-0.860454 
0.440565 
0.223743 
-0.396859 
0.442856 
0.161327 
-1.139970 
-0.375615 
-0.182290 
0.799108 
0.152871 
-0.335172 
0.088443 
-0.786218 
-0.437662 
0.937764 
1.646165 
1.537207 
-0.395857 
-1.564270 
1.046754 
0.706513 
-0.453775 
0.898339 
0.691373 
-1.235287 
2.982309 
0.673796 
1.197949 
1.256104 
0.298448 
-2.906489 
-0.324949 
-1.001800 
0.662856 
-0.024235 
-0.081006 
-1.217822 
0.074718 
-0.850548 
-1.363409 
0.759333 
-0.739660 
2.785682 
-0.543365 
0.472208 
1.625304 
0.111249 
1.130335 
1.213460 
-0.848818 
1.917482 
0.225754 
-1.424989 
0.555972 
-0.300453 
-0.449638 
0.142600 
-1.714072 
-1.106913 
0.518248 
0.862482 
0.030582 
0.286114 
1.554910 
-0.900112 
0.210623 
1.001260 
-1.124950 
0.777114 
-0.930989 
1.147098 
-0.008019 
-0.471560 
-0.826478 
0.381377 
-1.267698 
-0.300895 
-0.627672 
0.912891 
-0.177550 
1.084415 
-0.301975 
-0.635792 
1.232183 
-1.659409 
-1.127476 
-1.204076 
-1.590556 
-0.543487 
0.138770 
-0.201055 
-1.522990 
0.811193 
-1.208378 
-0.065816 
0.634308 
1.018222 
-0.288452 
0.950833 
-0.627555 
1.338771 
0.552255 
-1.081134 
-1.306087 
0.069496 
-1.725550 
-1.292784 
1.511662 
0.582367 
-1.072512 
-0.436119 
-0.940613 
-0.782522 
0.683173 
0.008345 
-0.433199 
1.254962 
0.200834 
0.244385 
-1.076373 
-0.295993 
-0.300033 
0.414584 
-0.943433 
2.124294 
0.607159 
-1.028798 
0.574171 
-0.039452 
1.284723 
0.796218 
-0.062436 
-0.050368 
0.904677 
-0.788027 
1.222413 
-1.308060 
1.496970 
0.777236 
-1.065848 
0.094438 
-1.179352 
0.536200 
-0.982106 
0.311420 
-0.606885 
-0.920729 
-1.118891 
0.564699 
0.136333 
1.015605 
-0.394799 
1.420079 
-0.742108 
0.451494 
-0.017335 
-1.150548 
1.940432 
-0.233823 
-0.695421 
0.377856 
0.109295 
-0.521996 
-0.890968 
1.664818 
0.601008 
2.842535 
-0.477295 
0.193490 
0.261999 
1.521601 
-1.000427 
-0.239187 
-1.296819 
1.191904 
0.507008 
1.193515 
0.840740 
-1.102061 
-1.580760 
-0.632763 
-0.637471 
-0.520532 
0.116192 
0.535212 
2.149110 
-0.259344 
1.010736 
1.022567 
0.642197 
-0.593674 
0.628255 
1.296836 
-0.646971 
1.063542 
-0.005313 
0.422083 
-0.157369 
0.439173 
-0.074534 
0.544915 
-0.348115 
0.331255 
0.547171 
-1.784825 
0.199954 
0.132198 
0.091341 
-0.284634 
-0.140313 
-0.091358 
0.918999 
-0.369374 
0.346382 
-0.485199 
-0.223596 
-0.132884 
-0.235521 
-0.085016 
-1.118112 
-2.008408 
1.265784 
-0.871902 
1.714221 
2.574546 
-0.089142 
0.301506 
-0.327900 
-1.221680 
-0.294742 
1.511395 
0.115693 
1.462763 
0.202058 
0.780807 
0.703611 
0.057573 
-0.159704 
1.960845 
0.552591 
2.363686 
0.106066 
-0.150456 
1.121267 
1.346345 
-0.492109 
0.057387 
-0.165317 
0.748543 
-2.219038 
-0.138991 
-1.337417 
1.701532 
0.419837 
0.720653 
0.255319 
0.084736 
-2.812206 
-0.317091 
-0.104311 
-1.353885 
-0.247917 
-1.675273 
0.979889 
-0.542215 
-1.288103 
-1.281723 
0.210400 
0.693396 
1.284398 
-0.110361 
-1.097702 
0.182533 
1.319490 
0.834622 
1.883370 
1.352040 
-1.230268 
0.935179 
0.687562 
1.029354 
-0.662416 
-0.667267 
-0.669403 
0.634119 
-1.404448 
-0.583346 
0.463784 
-0.798673 
-0.098670 
0.830938 
-0.620913 
-0.446249 
-1.537040 
0.853850 
0.934245 
-0.096951 
-0.869674 
-0.430378 
-0.261054 
-0.459040 
-1.796754 
-0.110475 
-1.805943 
0.607916 
0.714492 
0.804700 
-0.592890 
1.077674 
2.175677 
-0.183519 
0.030108 
0.025516 
1.052022 
0.085897 
0.125689 
-1.059363 
-1.480416 
-0.441191 
-0.475547 
-0.902072 
1.090214 
-0.058739 
0.166664 
-0.746879 
0.885780 
-0.792198 
-0.206941 
0.719922 
-0.695084 
-0.908839 
2.257386 
0.013955 
1.308882 
-0.224322 
0.796298 
0.332803 
-0.464613 
-1.415880 
-0.582459 
1.850219 
-0.814573 
-1.012855 
-0.675123 
0.659433 
0.043727 
0.926819 
0.019369 
-1.254229 
0.257112 
0.208002 
0.594574 
-1.889875 
-1.089055 
-0.174477 
0.285743 
-0.763542 
0.680185 
0.251372 
1.282601 
0.092129 
0.515486 
-1.813841 
-0.702138 
-0.135829 
1.655550 
0.571343 
-0.276411 
-1.349409 
0.596265 
0.777114 
1.121947 
-0.545258 
0.157110 
-0.335476 
0.263447 
-0.025378 
0.104987 
-0.639711 
1.883869 
-0.300376 
1.755363 
2.008491 
-0.750113 
-0.046900 
0.574323 
0.535034 
-1.006295 
-0.094961 
-1.328141 
0.243977 
0.119259 
-0.810541 
-0.047643 
0.338836 
-1.771817 
0.032822 
-0.761582 
-1.081507 
-1.640703 
-0.638744 
0.332854 
0.987037 
1.563564 
-1.398044 
1.148323 
0.904651 
1.387570 
0.420002 
0.964989 
-1.262714 
0.517774 
-0.080673 
1.213280 
-0.960535 
-0.098192 
-1.773016 
0.054303 
-0.022854 
0.335430 
-0.885605 
0.348858 
1.558056 
-0.228897 
-0.741963 
-0.700408 
-0.367927 
-0.333823 
0.518730 
-0.175142 
-1.390373 
-2.763778 
-0.386102 
-1.444452 
1.035888 
-1.589827 
1.094278 
0.028692 
-0.752427 
-0.066568 
0.680152 
-0.633048 
0.218559 
0.787250 
2.314447 
-1.006028 
-1.302365 
-0.193314 
0.603638 
-0.564474 
1.420826 
0.127481 
-0.064538 
0.405626 
0.959803 
0.564532 
-0.228878 
-0.789498 
1.002665 
-0.732367 
0.132915 
-0.117789 
0.614804 
0.014303 
-1.841517 
-1.743695 
1.214593 
-1.570079 
0.160270 
0.462198 
0.219617 
-0.131201 
-0.222384 
1.478903 
0.912112 
-1.158256 
-1.589560 
0.590135 
-1.444651 
-0.740079 
0.289439 
-0.252472 
0.451176 
0.177635 
-0.346744 
-2.459999 
0.472166 
-0.861120 
-0.602517 
-1.409598 
0.329880 
0.251380 
0.180605 
-0.492050 
-1.669202 
2.181733 
0.918348 
-0.116479 
-0.169885 
0.010918 
-0.223227 
0.862303 
-1.025705 
-1.382463 
-2.129435 
-0.123278 
0.063025 
-0.972792 
-1.034407 
0.099825 
0.138956 
-0.288428 
-0.691404 
0.959767 
0.927536 
-0.714682 
1.065261 
0.841189 
-0.935200 
-0.933169 
-1.148284 
-0.932471 
1.904917 
-0.347866 
1.401174 
-0.548830 
0.142427 
0.096692 
-0.053000 
1.161034 
1.168634 
0.551938 
0.305758 
-1.959806 
-0.727420 
0.147393 
-0.089308 
1.754678 
1.529187 
-1.014926 
1.900138 
-0.284984 
-1.838087 
-0.252331 
0.023593 
0.487572 
-0.817624 
-0.299876 
0.764876 
-0.529609 
0.561395 
-0.986816 
-2.097832 
-0.466926 
0.786468 
-0.022717 
-0.170690 
2.220467 
-1.035514 
0.778156 
-1.138774 
2.206600 
1.859055 
0.903677 
-0.122197 
-1.346222 
-0.166291 
-0.355915 
0.716955 
0.623931 
-2.277610 
0.855047 
-0.614118 
-0.307661 
-0.640965 
-0.018330 
-1.604939 
-0.622393 
-0.711483 
-1.456662 
-0.012952 
0.200560 
0.610399 
-0.101571 
2.804160 
0.851611 
0.190435 
0.295491 
0.394995 
-0.100655 
-0.810659 
2.439118 
0.767017 
-1.360899 
-0.905216 
2.192299 
1.283267 
0.209088 
-0.332290 
0.705535 
0.028891 
0.238131 
1.215683 
-0.590312 
0.356858 
-0.908014 
-0.685063 
-1.137786 
0.070411 
-1.508532 
0.361362 
0.648428 
-1.679424 
0.574044 
-0.402042 
-0.015641 
0.932981 
1.325328 
0.342511 
0.771668 
0.316605 
-1.133690 
0.357676 
0.016279 
0.670774 
0.577985 
-1.116818 
-0.448514 
-0.324554 
0.112855 
-1.020879 
-1.433792 
-0.293185 
-0.600408 
0.092531 
0.524811 
0.948765 
0.598975 
-0.741698 
-0.393633 
0.120010 
1.419441 
0.333589 
-0.944020 
-0.318654 
0.797813 
-1.415770 
-0.452736 
0.081510 
1.390435 
0.049723 
1.231932 
-0.340235 
-0.018121 
-1.199405 
0.969387 
0.931356 
0.410175 
-0.868779 
0.751965 
2.925290 
0.660675 
-0.227527 
0.794841 
1.147449 
0.388819 
0.696527 
-0.486426 
0.414586 
0.795919 
-1.030195 
0.097058 
1.553891 
-2.202319 
0.219876 
-0.340508 
0.263874 
0.329538 
-1.239780 
1.812196 
0.912344 
-0.050901 
0.555381 
0.572020 
-0.802652 
0.327763 
0.385467 
0.832236 
-0.060113 
-1.137099 
0.796459 
-0.876714 
2.392838 
-1.141781 
-0.362991 
1.205613 
-0.606413 
1.530804 
1.620056 
0.435249 
-0.699447 
0.601265 
-0.935085 
-1.215345 
-1.149388 
-0.236334 
0.486883 
-0.084641 
-1.805818 
-0.833619 
-1.540305 
0.866743 
2.663882 
-0.010320 
0.095093 
-0.172006 
0.692159 
1.341310 
-1.602924 
-1.039634 
0.165455 
-0.310610 
1.315657 
-1.184881 
-0.948923 
-0.005025 
0.134893 
0.715119 
-0.009917 
0.807176 
-0.881321 
2.150398 
-1.683457 
-0.345452 
-0.177506 
0.062162 
0.825173 
0.227235 
-0.086400 
-1.034083 
0.331057 
-0.778685 
0.657537 
-0.174812 
0.823295 
0.154544 
-0.872419 
-1.495487 
1.192846 
1.345456 
1.134338 
1.152994 
-0.408039 
-0.275972 
-0.492250 
-0.890315 
-0.432689 
3.675759 
-0.595662 
0.844873 
0.260658 
1.905329 
-0.394545 
1.003156 
-0.596606 
1.860122 
-1.050082 
-0.371419 
-0.295301 
-2.559603 
0.066201 
0.406093 
0.481302 
-1.117524 
-0.121794 
0.555043 
0.031920 
0.457570 
0.146976 
-0.396255 
1.014020 
1.021236 
-1.237193 
-0.137725 
-1.714337 
0.635876 
-1.016793 
1.681209 
-0.513253 
0.692433 
0.177701 
2.549162 
1.019479 
0.463693 
-0.266583 
-0.510027 
-1.020116 
0.646695 
-0.027755 
1.918277 
1.161491 
-1.362172 
0.083561 
0.243061 
-0.221281 
-0.743716 
-0.292118 
-1.041410 
-0.240951 
0.637343 
-0.496724 
-0.523298 
-0.337810 
-0.846878 
0.237838 
-0.991751 
-1.753892 
-1.776768 
0.332202 
-1.303154 
1.913962 
-0.058915 
-0.829131 
-1.684955 
0.230162 
0.319311 
-0.427726 
1.211795 
0.257717 
-0.026518 
-1.185523 
-1.610113 
-2.401057 
2.957442 
-0.280742 
-1.482737 
-0.529317 
1.612531 
-0.121832 
0.246928 
1.660079 
-0.956163 
-0.513081 
1.001827 
-0.437937 
-0.400275 
0.533436 
0.502628 
0.716978 
0.088431 
1.441506 

 -1.059630 
-0.688889 
-0.454173 
-0.278906 
0.037518 
-0.601952 
0.415625 
0.180395 
0.612807 
1.306175 
1.062143 
-0.388294 
-0.072815 
0.459358 
-1.247825 
-0.131309 
-0.463406 
0.884407 
-0.086518 
-0.227650 
-0.033265 
0.445893 
-0.598941 
-0.161222 
0.283466 
-0.894509 
-1.192900 
0.267995 
0.887125 
-0.009011 
1.221296 
2.489834 
-0.691170 
0.205290 
-0.259206 
1.004175 
0.523108 
-0.845947 
0.662809 
-0.271202 
-1.554778 
-0.515996 
-0.369229 
-0.833186 
-0.388905 
1.503440 
-0.360595 
0.143995 
0.125215 
0.770741 
-0.307270 
-0.327413 
1.551791 
0.520502 
-0.927340 
-1.470152 
0.453714 
3.446384 
-0.158792 
-1.121550 
0.264538 
1.334530 
-1.359956 
0.586132 
-1.617767 
0.706982 
0.571297 
1.832439 
0.137071 
0.208041 
0.104732 
-0.404774 
-0.610901 
-0.266073 
0.516361 
0.070879 
0.122256 
0.722393 
-1.096007 
0.512031 
1.441824 
0.635323 
-0.062531 
0.453795 
0.260496 
1.090870 
2.020628 
-0.626147 
-1.081839 
0.649450 
-0.852617 
-0.495205 
-0.773434 
0.122887 
0.106787 
2.776922 
-0.093792 
0.455119 
0.311935 
2.067754 
